0.805214072500627	0.0
0.5132650274831727	8.88888888888889
0.3504322286387102	15.555555555555555
0.2693275418372458	31.11111111111111
0.22305297804136523	37.77777777777778
0.1964155254262349	46.666666666666664
0.17847946171501855	48.888888888888886
0.16076738028142262	44.44444444444444
0.14770237907831396	53.333333333333336
0.13774739102468203	51.111111111111114
0.1311464526588596	55.55555555555556
0.12210642011989215	57.77777777777778
0.11572633839662258	53.333333333333336
0.10987813578841475	60.0
0.1045312187184809	62.22222222222222
0.10035485553562573	64.44444444444444
0.09677180870215858	64.44444444444444
0.0922151797502142	68.88888888888889
0.08872922871098299	68.88888888888889
0.08536317255656936	68.88888888888889
0.08195808852263692	71.11111111111111
0.07799113705133855	64.44444444444444
0.07616738989139406	73.33333333333333
0.07146549022707957	68.88888888888889
0.07027672646109541	73.33333333333333
0.06785148101842374	75.55555555555556
0.06549015964175658	68.88888888888889
0.06340007850434344	75.55555555555556
0.06052601674559437	73.33333333333333
0.05810377780277722	75.55555555555556
0.056534457893885025	75.55555555555556
0.05419495673166678	75.55555555555556
0.05248618485229735	75.55555555555556
0.05019555650779477	77.77777777777777
0.04960079022506224	73.33333333333333
0.04713122535053631	75.55555555555556
0.045779726000501994	80.0
0.044165850816319185	77.77777777777777
0.04317568022997051	80.0
0.042124315894392673	80.0
0.03998004904927966	77.77777777777777
0.03860428391740512	80.0
0.03792550476697358	80.0
0.0365717268353699	77.77777777777777
0.03548592472706914	82.22222222222223
0.034382919276023785	80.0
0.0346108661381091	82.22222222222223
0.03314159461775146	82.22222222222223
0.03252269697699348	84.44444444444444
0.03140512108064864	82.22222222222223
0.031002107272354088	82.22222222222223
0.02954607515067704	80.0
0.02924172417367421	80.0
0.028430809374394867	82.22222222222223
0.028310161635290383	82.22222222222223
0.027674956645899803	82.22222222222223
0.02702690310368923	80.0
0.0261789212634069	80.0
0.025526503502760547	77.77777777777777
0.024913647270201577	80.0
0.02429668238679094	80.0
0.024366980603344586	82.22222222222223
0.02353206540732305	82.22222222222223
0.023019246514332774	82.22222222222223
0.022196997544105274	82.22222222222223
0.022326895309318296	80.0
0.021650479190194905	84.44444444444444
0.021467959318373777	82.22222222222223
0.021180110809878288	84.44444444444444
0.020494450583190247	82.22222222222223
0.020466092115330518	82.22222222222223
0.01998696208936754	82.22222222222223
0.019723402853748604	84.44444444444444
0.0196275973866209	82.22222222222223
0.01935023916382206	82.22222222222223
0.01900139579900632	82.22222222222223
0.018827808126527106	84.44444444444444
0.018644539733924617	84.44444444444444
0.018100566757643172	84.44444444444444
0.018269125131407826	82.22222222222223
0.018015061428424607	84.44444444444444
0.017575323190809875	84.44444444444444
0.017498813778230485	84.44444444444444
0.017458573272394303	82.22222222222223
0.0171519238085355	86.66666666666667
0.017137298660003394	84.44444444444444
0.01655780229328664	84.44444444444444
0.016768900505512326	84.44444444444444
0.01658030417553664	86.66666666666667
0.0163901178074762	84.44444444444444
0.016221314664965732	84.44444444444444
0.01595555021117308	86.66666666666667
0.016053560739785328	86.66666666666667
0.0158256215281676	86.66666666666667
0.015520250236167302	86.66666666666667
0.015630135941269874	86.66666666666667
0.015519609039747646	84.44444444444444
0.015286437231585865	86.66666666666667
0.01523178904304436	86.66666666666667
0.015117290978272751	86.66666666666667
0.015034034529754702	86.66666666666667
0.014950266983080053	86.66666666666667
0.01472015739675284	86.66666666666667
0.014684289830245579	86.66666666666667
0.014522237894505517	84.44444444444444
0.014515883640095794	86.66666666666667
0.014338833124970321	86.66666666666667
0.014245969093902317	86.66666666666667
0.01411606352930233	86.66666666666667
0.014162516461511747	86.66666666666667
0.013990736982439479	86.66666666666667
0.013887885701039581	86.66666666666667
0.013767856367129582	86.66666666666667
0.013734840037627535	86.66666666666667
0.013629447402521935	86.66666666666667
0.013568880879641426	86.66666666666667
0.013444964140355266	86.66666666666667
0.013335649544643224	86.66666666666667
0.013195069996946284	86.66666666666667
0.013224551595757854	86.66666666666667
0.01308055404849671	86.66666666666667
0.012962658428208653	86.66666666666667
0.012938054682290678	86.66666666666667
0.012795713143730016	86.66666666666667
0.012622172416914988	86.66666666666667
0.012600085111663483	86.66666666666667
0.012411074669319172	86.66666666666667
0.01224191794178213	86.66666666666667
0.012098178104507072	86.66666666666667
0.01197712585946045	86.66666666666667
0.01184736152837665	86.66666666666667
0.011724082668158177	86.66666666666667
0.01162800083958737	86.66666666666667
0.011537781986970407	86.66666666666667
0.011520469841739938	86.66666666666667
0.011410196223557068	86.66666666666667
0.011298060181346999	86.66666666666667
0.011196452549657216	86.66666666666667
0.011056443801229965	86.66666666666667
0.010983007265488466	86.66666666666667
0.010836541590608102	86.66666666666667
0.010749529981550375	86.66666666666667
0.010554741924724047	86.66666666666667
0.010480293066324083	86.66666666666667
0.01031491124391389	86.66666666666667
0.010254006525884833	86.66666666666667
0.010126377862664513	86.66666666666667
0.010098933924193991	86.66666666666667
0.009975981278526886	86.66666666666667
0.009920421333637054	86.66666666666667
0.009900419171374545	86.66666666666667
0.009834393561171002	86.66666666666667
0.009796855733261618	86.66666666666667
0.009748599945499337	86.66666666666667
0.009701280093848783	86.66666666666667
0.009657514769342724	86.66666666666667
0.009623102487914788	86.66666666666667
0.00954650576791466	86.66666666666667
0.009528106863748808	86.66666666666667
0.009503992720948066	86.66666666666667
0.009464282979455483	86.66666666666667
0.009434757379052718	86.66666666666667
0.009388096358665136	86.66666666666667
0.009358679728182903	86.66666666666667
0.009342322760945068	86.66666666666667
0.00929904257245311	86.66666666666667
0.009255164308660703	86.66666666666667
0.009245307285454533	86.66666666666667
0.009216362908728869	86.66666666666667
0.009154640541191522	86.66666666666667
0.00915283811603887	86.66666666666667
0.009112572832602087	86.66666666666667
0.009114945312184288	86.66666666666667
0.009083967621213843	86.66666666666667
0.009058053086568534	86.66666666666667
0.009038091810395369	86.66666666666667
0.00901021963576542	86.66666666666667
0.008988788683331387	86.66666666666667
0.008960243318791427	86.66666666666667
0.008947808999517559	86.66666666666667
0.008913070498959326	86.66666666666667
0.008903001329717272	86.66666666666667
0.008876953736398283	86.66666666666667
0.008855189601092677	86.66666666666667
0.008839568705046206	86.66666666666667
0.008821702229050396	86.66666666666667
0.008801633429283749	86.66666666666667
0.008784298593213122	86.66666666666667
0.00876797300323896	86.66666666666667
0.008744078913071216	86.66666666666667
0.008732061325537822	86.66666666666667
0.008711968156086937	86.66666666666667
0.00869675225409733	86.66666666666667
0.00868171930179434	86.66666666666667
0.008664346594205091	86.66666666666667
0.008648498186116935	86.66666666666667
0.008631918646061793	86.66666666666667
0.008615685023595158	86.66666666666667
0.008598213042912502	86.66666666666667
